# VELOCITY SURVEY:	(Schluberger)	OWT, vertically corrected, relative to SRD (SL)
#	Depth	TVD SS	OWT(sec)	Depth	TVD SS	OWT(sec)
#	507.1	486.0	0.3201	522.3	501.2	0.3277
#	537.4	516.3	0.3352	552.5	531.4	0.3432
#	714.1	693.0	0.4296	729.2	708.1	0.4360
#	744.3	723.2	0.4414	759.4	738.3	0.4473
#	954.7	933.5	0.5297	969.8	948.7	0.5363
#	984.9	963.8	0.5417	1000.0	978.9	0.5467
#	1984.2	1963.0	0.8805	1999.3	1978.2	0.8841
#	2014.4	1993.3	0.8875	2029.5	2008.4	0.8909
#	2226.1	2204.9	0.9395	2241.2	2220.1	0.9430
#	2256.3	2235.2	0.9468	2271.5	2250.3	0.9506
#	2286.5	2265.4	0.9538	2301.7	2280.5	0.9576
#	2316.8	2295.6	0.9613	2331.9	2310.7	0.9654
#	2347.0	2325.9	0.9694	2362.2	2341.0	0.9728
#	2377.3	2356.1	0.9764	2392.4	2371.2	0.9798
#	2407.5	2386.3	0.9833	2422.6	2401.4	0.9869
#	2437.7	2416.5	0.9906	2452.8	2431.7	0.9944
#	2468.0	2446.8	0.9985	2483.1	2461.9	1.0026
#	2498.3	2477.0	1.0061	2513.4	2492.1	1.0092
#	2528.5	2507.2	1.0124	2543.6	2522.3	1.0156
#	2558.7	2537.5	1.0193	2573.8	2552.6	1.0232
#	2588.9	2567.7	1.0265	2604.1	2582.8	1.0297
#	2619.2	2597.9	1.0331	2634.3	2613.0	1.0366
#	2649.4	2628.2	1.0398	2664.6	2643.3	1.0428
#	2679.7	2658.4	1.0465	2694.8	2673.5	1.0500
#	2709.9	2688.6	1.0535	2725.0	2703.7	1.0572
#	2740.1	2718.8	1.0604	2755.3	2733.9	1.0640
#	2770.5	2749.1	1.0682	2785.6	2764.3	1.0721
#	2800.7	2779.4	1.0764	2815.8	2794.5	1.0800
#	2830.9	2809.5	1.0836	2846.0	2824.6	1.0867
#	2861.1	2839.8	1.0896	2876.2	2854.9	1.0927
#	2891.3	2870.0	1.0953	2906.4	2885.1	1.0981
#	2921.6	2900.2	1.1013	2936.7	2915.3	1.1043
#	2951.9	2930.5	1.1072	2967.0	2945.6	1.1104
#	2982.1	2960.7	1.1135	2997.2	2975.9	1.1166
#	3012.3	2991.0	1.1199	3027.4	3006.1	1.1234
#	3042.6	3021.2	1.1272	3057.7	3036.3	1.1307
#	3072.8	3051.4	1.1349	3087.9	3066.5	1.1383
#	3103.0	3081.7	1.1413	3118.1	3096.8	1.1440
#	3133.3	3111.9	1.1467	3148.4	3127.0	1.1497
#	3163.5	3142.1	1.1525	3178.6	3157.3	1.1552
#	3193.7	3172.3	1.1592	3208.8	3187.4	1.1621
#	3223.9	3202.6	1.1653	3239.0	3217.7	1.1691
#	3254.3	3232.9	1.1725	3269.4	3248.0	1.1757
#	3284.5	3263.2	1.1790	3299.6	3278.3	1.1825
#	3314.7	3293.3	1.1855	3329.8	3308.5	1.1893
#	3344.9	3323.6	1.1931	3360.1	3338.7	1.1965
#	3375.2	3353.8	1.2003	3390.3	3369.0	1.2047
#	3405.4	3384.1	1.2086	3420.6	3399.2	1.2121
#	3435.6	3414.3	1.2149	3450.8	3429.4	1.2188
#	3465.9	3444.5	1.2221	3481.0	3459.6	1.2250
#	3496.2	3474.8	1.2282	3511.3	3489.9	1.2312
#	3526.4	3505.0	1.2341	3541.5	3520.2	1.2378
#	3556.6	3535.3	1.2411	3571.8	3550.4	1.2442
#	3586.9	3565.5	1.2476	3602.0	3580.6	1.2504
#	3617.1	3595.8	1.2533	3632.2	3610.9	1.2568
#	3647.4	3626.0	1.2602	3662.5	3641.1	1.2635
#	3677.6	3656.3	1.2670	3692.7	3671.4	1.2703
#	3707.8	3686.5	1.2737	3723.0	3701.6	1.2771
#	3738.1	3716.7	1.2805	3753.2	3731.8	1.2845
#	3768.3	3746.9	1.2883	3783.4	3762.0	1.2922
#	3798.6	3777.2	1.2961	3813.7	3792.3	1.3003
#	3828.8	3807.4	1.3047	3843.9	3822.5	1.3084
#	3859.1	3837.7	1.3123	3874.2	3852.8	1.3163
#	3889.3	3867.9	1.3202	3904.4	3883.0	1.3243
#	3919.5	3898.1	1.3283	3934.6	3913.2	1.3324
#	3949.7	3928.3	1.3366	3964.9	3943.4	1.3405
#	3980.0	3958.6	1.3429	3980.0	3958.6	1.3443
#	3995.1	3973.7	1.3477	3995.1	3973.7	1.3495
#	4010.2	3988.8	1.3531	4010.3	3988.8	1.3546
#	4025.4	4003.9	1.3582	4025.4	4003.9	1.3597
#	4040.5	4019.0	1.3646	4055.6	4034.1	1.3696
#	4070.7	4049.2	1.3746	4085.8	4064.3	1.3795
#	4101.0	4079.5	1.3844	4116.1	4094.6	1.3893
#	4131.2	4109.7	1.3939	4146.3	4124.8	1.3990
#	4161.4	4139.9	1.4039	4176.5	4155.0	1.4086
#	4191.7	4170.1	1.4136	4206.8	4185.2	1.4182
#	4221.9	4200.3	1.4229	4237.0	4215.4	1.4277
#	4252.1	4230.5	1.4322	4267.2	4245.6	1.4367
#	4282.4	4260.7	1.4414	4297.5	4275.9	1.4458
#	4312.6	4291.0	1.4503	4327.7	4306.1	1.4545
#	4342.9	4321.2	1.4587	4358.0	4336.3	1.4629
#	4373.1	4351.4	1.4672	4388.2	4366.5	1.4717
#	4403.3	4381.6	1.4755	4418.5	4396.7	1.4795
#	4433.6	4411.8	1.4839	4448.7	4426.9	1.4876
#	4463.9	4442.1	1.4922	4479.0	4457.2	1.4969
#	4494.1	4472.3	1.5013	4509.2	4487.4	1.5059
#	4524.3	4502.4	1.5099	4539.4	4517.5	1.5137
#	4554.5	4532.6	1.5173	4569.7	4547.7	1.5213
#	4584.8	4562.8	1.5253	4599.9	4577.9	1.5288
#	4615.0	4593.0	1.5329	4630.2	4608.1	1.5371
#	4645.3	4623.2	1.5412	4660.4	4638.3	1.5462
#	4675.5	4653.4	1.5509	4690.6	4668.4	1.5550
#	4705.8	4683.5	1.5591	4720.9	4698.6	1.5633
#	4736.0	4713.7	1.5677	4751.1	4728.8	1.5716
#	4766.2	4743.9	1.5747	4781.4	4758.9	1.5778
#	4796.5	4774.0	1.5808	4811.6	4789.1	1.5839
#	4826.7	4804.1	1.5870	4841.8	4819.1	1.5902
#	4856.9	4834.2	1.5932	4872.0	4849.2	1.5962
#	4887.2	4864.3	1.5995	4902.3	4879.3	1.6030
#	4917.4	4894.3	1.6060	4932.5	4909.4	1.6091
#	4947.7	4924.5	1.6124	4962.8	4939.5	1.6155
#	4977.9	4954.5	1.6188	4993.0	4969.6	1.6217
#	5008.1	4984.6	1.6249	5023.3	4999.6	1.6279
#	5038.4	5014.6	1.6311	5053.5	5029.7	1.6340
#	5068.6	5044.7	1.6371	5083.7	5059.7	1.6402
#	5098.8	5074.7	1.6432	5114.0	5089.8	1.6466	