      0.0000       0.0000       0.0000
    109.0000       0.0000       0.0000
    122.9500       0.0700     171.7500
    133.0000       0.0800     251.3100
    142.9600       0.0800     250.9500
    152.9300       0.0900     231.6300
    162.9800       0.0400     245.0500
    173.0000       0.1300     210.7700
    182.9400       0.0600     189.5900
    192.9200       0.1800     247.6100
    202.9200       0.1800     250.2600
    212.9400       0.1500     237.4200
    222.9500       0.2100     250.3000
    233.0000       0.2100     261.9600
    242.9800       0.2100     264.0700
    253.0100       0.2000     255.6900
    262.9200       0.2100     256.1300
    272.9800       0.2400     266.6600
    282.9400       0.3600     263.2800
    293.0000       0.4500     263.0100
    302.9400       0.4300     263.3400
    313.0000       0.4700     258.6200
    323.0100       0.4900     263.2300
    332.9800       0.4300     266.9800
    342.9200       0.4800     262.9900
    352.9600       0.4800     259.0600
    363.0200       0.5000     258.2000
    372.9600       0.4500     247.7700
    383.0200       0.5200     250.2100
    392.9600       0.4700     236.7400
    402.9300       0.5100     238.3900
    413.0400       0.4500     241.3300
    422.9300       0.4000     232.4200
    432.9300       0.4200     231.7400
    442.9300       0.4000     229.3500
    453.0200       0.3700     222.1200
    463.0200       0.3200     220.7000
    472.9400       0.3100     222.3200
    482.9500       0.3100     221.6600
    493.0200       0.3400     219.7500
    503.0200       0.3900     210.7400
    512.9300       0.3200     225.7900
    523.0000       0.3300     212.9100
    533.0100       0.3900     214.2500
    542.9800       0.3000     209.2200
    552.9400       0.3600     212.1200
    562.9500       0.4100     227.7200
    572.9100       0.7800     266.9900
    583.0100       1.5500     276.6500
    593.0000       2.3900     281.5300
    602.9900       3.1600     283.2900
    612.9300       4.0800     285.4100
    622.9500       4.9200     286.7200
    632.9400       5.8200     287.6200
    642.9200       6.5600     288.3100
    653.0400       7.2100     288.5800
    663.0200       7.7700     288.6500
    672.9400       8.6900     288.8700
    683.0100       9.5200     288.8500
    692.9600      10.2200     289.3400
    702.9500      11.0700     289.0700
    712.9600      11.8000     289.0700
    722.9200      12.6700     288.6100
    732.9500      13.4700     287.9500
    743.0000      14.5300     287.4900
    753.0200      15.5700     287.4600
    762.9900      16.7200     287.4000
    772.9700      17.7500     287.8400
    782.9900      18.6900     288.0100
    793.0100      19.6600     287.7800
    802.9600      20.5700     288.0800
    812.9900      21.3000     288.0100
    822.9900      22.0900     287.7300
    832.9800      22.8500     287.7000
    842.9500      23.6700     287.4300
    852.9800      24.1900     287.1200
    862.9300      24.5900     286.9500
    872.9200      25.2100     286.8500
    882.9500      25.9100     286.6300
    892.9700      26.5000     286.4500
    902.9200      27.0700     286.0700
    912.9500      27.7700     285.8300
    923.0000      28.4100     285.5200
    932.9700      29.1500     285.3100
    942.9500      29.8300     285.1600
    952.9500      30.3600     285.0100
    962.9600      30.9700     284.6000
    972.9300      31.5200     284.2800
    982.9300      32.2300     284.2700
    992.9400      32.9200     284.2100
   1003.0000      34.0400     284.0500
   1012.9200      34.8900     283.9900
   1022.9200      35.9300     283.9400
   1032.9500      36.8200     283.8500
   1042.9800      37.5000     283.7500
   1052.9800      38.2200     283.8200
   1062.9301      39.3100     283.7800
   1072.9301      40.3500     283.7600
   1082.9500      41.4200     283.7200
   1092.9900      42.5600     283.7200
   1102.9800      43.3100     283.7200
   1112.9200      44.1000     283.7000
   1122.9800      45.1400     283.7200
   1132.9200      46.2400     283.6700
   1142.9301      47.3000     283.3200
   1152.9399      48.3400     283.1100
   1162.9399      49.4500     282.7500
   1172.9600      50.4800     282.5500
   1182.9500      51.5400     282.3900
   1192.9700      52.4900     282.2700
   1202.9200      53.4700     282.2500
   1212.9500      54.4300     282.1700
   1222.9600      55.4400     282.0800
   1232.9600      56.2600     282.0100
   1242.9399      57.0700     281.9300
   1252.9500      57.4400     281.9000
   1262.9200      57.7100     281.9800
   1272.9301      58.1000     282.0600
   1282.9200      58.5500     282.1600
   1292.9301      58.8900     282.2500
   1302.9399      59.0800     282.2900
   1312.9301      59.2400     282.4000
   1322.9100      58.9500     282.4600
   1332.9200      58.4600     282.4500
   1342.9100      58.0500     282.3400
   1352.9600      57.7400     282.4200
   1362.9500      57.3700     282.5400
   1372.9399      56.7700     282.5900
   1382.9399      56.4100     282.7000
   1392.9301      55.9200     282.8300
   1402.9100      55.8300     282.9400
   1412.9100      56.2900     283.0300
   1422.9399      57.0600     283.0300
   1432.9500      57.7100     283.0900
   1442.9200      57.8000     283.0700
   1452.9600      58.1700     283.1100
   1462.9500      58.8400     283.1100
   1472.9600      59.1100     283.0700
   1482.9200      58.7900     283.2100
   1492.9200      58.1000     283.5100
   1498.0000      58.2400     283.8600
   1502.9301      58.3700     284.2000
   1512.9600      57.9200     285.4700
   1522.9200      58.2100     286.2100
   1532.9301      58.5400     286.9500
   1542.9500      58.9400     287.9000
   1552.9399      59.2500     289.0600
   1562.9500      59.5100     290.4100
   1572.9500      59.8900     291.6800
   1582.9200      60.3500     292.7500
   1592.9100      60.5300     293.6300
   1602.9200      60.6000     293.6300
   1612.9200      61.1100     296.2200
   1622.9301      61.2400     296.7700
   1632.9200      61.2900     296.9000
   1642.9399      61.3700     296.5900
   1652.9200      61.0000     295.8600
   1662.9301      60.0800     294.6000
   1672.9200      59.6200     293.7400
   1682.9200      59.4500     292.9900
   1692.9301      59.3100     292.5000
   1702.9399      59.6600     291.7600
   1712.9200      59.8000     290.9200
   1722.9399      59.8700     290.2100
   1732.9399      59.7600     289.5200
   1742.9399      59.4700     288.6300
   1752.9100      59.4000     288.1300
   1762.9399      59.1700     287.2000
   1772.9500      58.9800     286.5400
   1782.9399      59.0900     285.9500
   1792.9301      59.2000     285.1000
   1802.9399      58.9100     284.2800
   1812.9399      59.0000     283.7700
   1822.9399      58.8500     283.0100
   1832.9301      58.7300     282.4100
   1842.9600      58.6700     282.1800
   1852.9301      58.7200     282.0300
   1862.9301      58.7000     281.9700
   1872.9200      58.6800     282.0700
   1882.9500      58.7400     281.9200
   1892.9500      58.6400     281.8700
   1902.9100      58.5400     281.8500
   1912.9500      58.6800     281.8200
   1922.9301      58.8800     281.7200
   1932.9100      58.8400     281.6300
   1942.9200      58.7500     281.6600
   1952.9500      58.6400     281.6000
   1962.9500      58.6700     281.4200
   1972.9399      58.6300     281.4100
   1982.9301      58.8200     281.5200
   1992.9301      58.7500     281.3800
   2002.9399      58.7500     281.4200
   2012.9100      58.8100     282.4600
   2022.9399      58.8100     282.6400
   2032.9500      58.8400     282.6700
   2042.9301      58.7800     282.5800
   2052.9299      58.7300     282.5400
   2062.9199      58.7400     282.4500
   2072.9099      58.8600     282.4600
   2082.9299      58.7800     282.3600
   2092.9500      58.7800     282.3000
   2102.9399      58.7800     282.2500
   2112.9299      58.7900     282.2300
   2122.9199      58.9200     282.2400
   2132.9299      58.9000     282.0600
   2142.9399      58.9400     282.0700
   2152.9399      58.8800     282.0100
   2162.9199      58.9200     281.9600
   2172.9399      58.9100     281.9400
   2178.0000      58.9500     281.8900
   2192.0000      58.0500     283.9800
   2202.0000      57.3000     283.8700
   2212.0000      56.5000     284.1500
   2222.0000      55.6800     284.2500
   2232.0000      54.5700     284.1800
   2242.0000      54.3000     284.2400
   2252.0000      53.5100     284.1600
   2262.0000      52.2900     284.2800
   2272.0000      51.7600     284.2900
   2282.0000      50.9200     284.2800
   2292.0000      49.8600     284.1400
   2302.0000      49.5800     283.9200
   2312.0000      48.7800     284.1100
   2322.0000      47.6300     284.8600
   2332.0000      47.0800     285.1600
   2342.0000      46.5400     285.4100
   2352.0000      45.3300     286.2000
   2362.0000      44.8700     286.3700
   2372.0000      44.3100     286.5800
   2382.0000      43.1600     287.4000
   2392.0000      42.8400     287.3400
   2402.0000      42.3100     287.8200
   2412.0000      41.7300     288.5600
   2422.0000      41.0500     288.8900
   2432.0000      40.3300     289.5200
   2442.0000      39.6200     289.8100
   2452.0000      39.3000     290.1600
   2462.0000      38.3800     291.2300
   2472.0000      37.4400     291.6200
   2482.0000      37.2600     291.8100
   2492.0000      36.2600     292.9200
   2502.0000      35.7900     293.3000
   2512.0000      35.8400     293.6000
   2522.0000      35.8100     294.4600
   2532.0000      35.4200     295.4900
   2542.0000      35.3200     296.1900
   2552.0000      34.4400     297.1000
   2562.0000      33.7600     298.0200
   2572.0000      33.2000     298.7500
   2582.0000      32.6000     299.6000
   2592.0000      31.7900     300.4300
   2602.0000      31.4400     300.8800
   2612.0000      30.4400     301.6600
   2622.0000      29.9000     302.7500
   2632.0000      29.6200     304.0500
   2642.0000      29.1900     305.2100
   2652.0000      29.0800     306.3000
   2662.0000      29.0400     307.7400
   2672.0000      28.6700     309.4700
   2682.0000      28.0100     310.7000
   2692.0000      27.6600     312.1800
   2702.0000      27.5700     313.3600
   2712.0000      27.0100     314.7600
   2724.0000      26.7000     317.0400
   2752.0000      26.1000     319.9400
   2781.0000      25.3000     322.1400
   2810.0000      25.5000     328.3400
   2839.0000      24.1000     336.2400
   2867.0000      23.4000     341.0400
   2896.0000      21.6000     348.1400
   2924.0000      20.9000     354.2400
   2953.0000      20.7000       2.3400
   2982.0000      21.4000      11.7400
   3011.0000      23.1000      15.0400
   3040.0000      23.9000      16.8400
   3070.0000      24.5000      17.8400
   3100.0000      24.0000      17.6400
   3129.0000      23.9000      15.9400
   3158.0000      23.6000      17.1400
   3187.0000      23.8000      17.3400
   3216.0000      24.0000      15.7400
   3245.0000      24.4000      15.2400
   3274.0000      24.6000      15.3400
   3303.0000      24.8000      14.8400
   3331.0000      24.7000      15.0400
   3360.0000      25.0000      13.5400
   3389.0000      24.8000      13.3400
   3418.0000      24.7000      13.7400
   3447.0000      24.8000      12.9400
   3477.0000      24.7000      13.4400
   3505.0000      24.2000      13.8400
   3533.0000      23.7000      12.4400
   3562.0000      23.4000      11.1400
   3592.0000      22.3000      11.6400
   3615.0000      21.3000       9.6400
   3632.0000      20.7000       9.1400
   3657.0000      24.0000      18.2400
   3678.0000      23.4000      23.5400
   3707.0000      25.0000      28.3400
   3721.0000      26.6000      30.2400
   3736.0000      26.8000      31.2400
   3765.0000      26.8000      33.1400
   3794.0000      27.5000      34.6400
   3823.0000      26.1000      34.2400
   3852.0000      25.5000      34.7400
   3882.0000      25.6000      33.3400
   3911.0000      25.6000      33.8400
   3939.0000      25.7000      33.9400
   3968.0000      25.9000      32.9400
   3997.0000      25.9000      32.5400
   4025.0000      25.6000      32.2400
   4084.0000      22.5000      29.6400
   4111.0000      21.6000      27.9400
   4131.0000      21.6000      27.9400

